 0.000000e+00 	 0.000000e+00 	 -0.000000e+00 
 6.666667e-01 	 0.000000e+00 	 -6.666667e-02 
 1.333333e+00 	 0.000000e+00 	 -2.666667e-01 
 2.000000e+00 	 0.000000e+00 	 -6.000000e-01 
 0.000000e+00 	 6.666667e-01 	 -3.333333e-02 
 6.666667e-01 	 6.666667e-01 	 -1.000000e-01 
 1.333333e+00 	 6.666667e-01 	 -3.000000e-01 
 2.000000e+00 	 6.666667e-01 	 -6.333333e-01 
 0.000000e+00 	 1.333333e+00 	 -1.333333e-01 
 6.666667e-01 	 1.333333e+00 	 -2.000000e-01 
 1.333333e+00 	 1.333333e+00 	 -4.000000e-01 
 2.000000e+00 	 1.333333e+00 	 -7.333333e-01 
 0.000000e+00 	 2.000000e+00 	 -3.000000e-01 
 6.666667e-01 	 2.000000e+00 	 -3.666667e-01 
 1.333333e+00 	 2.000000e+00 	 -5.666667e-01 
 2.000000e+00 	 2.000000e+00 	 -9.000000e-01 
 -2.000000e+00 	 0.000000e+00 	 -6.000000e-01 
 -1.333333e+00 	 0.000000e+00 	 -2.666667e-01 
 -6.666667e-01 	 0.000000e+00 	 -6.666667e-02 
 0.000000e+00 	 0.000000e+00 	 -0.000000e+00 
 -2.000000e+00 	 6.666667e-01 	 -6.333333e-01 
 -1.333333e+00 	 6.666667e-01 	 -3.000000e-01 
 -6.666667e-01 	 6.666667e-01 	 -1.000000e-01 
 0.000000e+00 	 6.666667e-01 	 -3.333333e-02 
 -2.000000e+00 	 1.333333e+00 	 -7.333333e-01 
 -1.333333e+00 	 1.333333e+00 	 -4.000000e-01 
 -6.666667e-01 	 1.333333e+00 	 -2.000000e-01 
 0.000000e+00 	 1.333333e+00 	 -1.333333e-01 
 -2.000000e+00 	 2.000000e+00 	 -9.000000e-01 
 -1.333333e+00 	 2.000000e+00 	 -5.666667e-01 
 -6.666667e-01 	 2.000000e+00 	 -3.666667e-01 
 0.000000e+00 	 2.000000e+00 	 -3.000000e-01 
