 0.000000e+00 	 0.000000e+00 	 0.000000e+00 
 6.666667e-01 	 0.000000e+00 	 8.842769e-01 
 1.333333e+00 	 0.000000e+00 	 1.117250e+00 
 2.000000e+00 	 0.000000e+00 	 9.293294e-01 
 0.000000e+00 	 6.666667e-01 	 -8.842769e-01 
 6.666667e-01 	 6.666667e-01 	 0.000000e+00 
 1.333333e+00 	 6.666667e-01 	 3.405225e-01 
 2.000000e+00 	 6.666667e-01 	 3.574598e-01 
 0.000000e+00 	 1.333333e+00 	 -1.117250e+00 
 6.666667e-01 	 1.333333e+00 	 -3.405225e-01 
 1.333333e+00 	 1.333333e+00 	 0.000000e+00 
 2.000000e+00 	 1.333333e+00 	 9.376521e-02 
 0.000000e+00 	 2.000000e+00 	 -9.293294e-01 
 6.666667e-01 	 2.000000e+00 	 -3.574598e-01 
 1.333333e+00 	 2.000000e+00 	 -9.376521e-02 
 2.000000e+00 	 2.000000e+00 	 0.000000e+00 
