   0.0000000e+00   0.0000000e+00   0.0000000e+00
   6.6666667e-01   0.0000000e+00   1.0000000e+00
   1.3333333e+00   0.0000000e+00   1.0000000e+00
   2.0000000e+00   0.0000000e+00   0.0000000e+00
   0.0000000e+00   6.6666667e-01   0.0000000e+00
   6.6666667e-01   6.6666667e-01   1.3000000e+00
   1.3333333e+00   6.6666667e-01   1.3000000e+00
   2.0000000e+00   6.6666667e-01   0.0000000e+00
   0.0000000e+00   1.3333333e+00   0.0000000e+00
   6.6666667e-01   1.3333333e+00   1.4000000e+00
   1.3333333e+00   1.3333333e+00   1.4000000e+00
   2.0000000e+00   1.3333333e+00   0.0000000e+00
   0.0000000e+00   2.0000000e+00   0.0000000e+00
   6.6666667e-01   2.0000000e+00   1.7000000e+00
   1.3333333e+00   2.0000000e+00   1.7000000e+00
   2.0000000e+00   2.0000000e+00   0.0000000e+00
